3.212702557737788789e-01,2.743853772300210991e-01,1.000000000000000000e+00
4.903808251548822383e-01,7.409963730653139624e-01,1.000000000000000000e+00
5.082565136501320247e-01,4.949147035896751534e-01,1.000000000000000000e+00
5.909089423762035054e-01,6.924221626915528782e-01,1.000000000000000000e+00
3.892529395393200531e-01,5.848260726804059839e-01,1.000000000000000000e+00
6.794478896646258814e-01,2.795348903671605600e-01,1.000000000000000000e+00
4.693433070050043732e-01,4.410670872999775116e-01,1.000000000000000000e+00
5.796857328916673602e-01,4.916540005773060718e-01,1.000000000000000000e+00
5.016258349991414844e-01,4.756119437775478964e-01,1.000000000000000000e+00
6.280075200565454763e-01,4.878203516211021551e-01,1.000000000000000000e+00
5.317976746456550829e-01,5.076528471088307404e-01,1.000000000000000000e+00
3.932347492311421000e-01,6.573305133840484649e-01,1.000000000000000000e+00
6.421054015089353584e-01,6.945084864822573811e-01,1.000000000000000000e+00
4.878482098912796938e-01,2.913133501573398898e-01,1.000000000000000000e+00
5.040155418393933440e-01,7.298283373908440730e-01,1.000000000000000000e+00
4.878278321850385013e-01,6.020126095563014257e-01,1.000000000000000000e+00
6.193409396569983238e-01,2.760590123662137740e-01,1.000000000000000000e+00
6.277469399723746291e-01,4.849481248675938105e-01,1.000000000000000000e+00
6.569443038365074816e-01,3.090084046833542208e-01,1.000000000000000000e+00
4.432387977496865528e-01,6.791729199083630375e-01,1.000000000000000000e+00
5.106666036642235618e-01,4.583162028318143455e-01,1.000000000000000000e+00
5.208307794678881386e-01,4.890874305061330141e-01,1.000000000000000000e+00
5.039654862862951168e-01,5.038108581932460028e-01,1.000000000000000000e+00
4.814087728177802172e-01,4.925793160856574149e-01,1.000000000000000000e+00
6.357993773669818882e-01,4.779670840712512137e-01,1.000000000000000000e+00
5.182317966978368107e-01,4.712984874916382738e-01,1.000000000000000000e+00
4.917614863756697985e-01,4.987354068425197129e-01,1.000000000000000000e+00
5.979580686855546778e-01,2.958244778940748443e-01,1.000000000000000000e+00
6.137460359587977310e-01,5.330675139141075602e-01,1.000000000000000000e+00
3.592563175625040350e-01,3.256332706225977258e-01,1.000000000000000000e+00
4.026817567801325159e-01,5.946016436977314967e-01,1.000000000000000000e+00
4.067518091391862933e-01,5.976565516772975872e-01,1.000000000000000000e+00
4.648263459819806376e-01,3.609582328428863063e-01,1.000000000000000000e+00
6.346625556010554448e-01,4.543144318775979018e-01,1.000000000000000000e+00
5.061659524162449575e-01,7.408700954897491364e-01,1.000000000000000000e+00
4.143951372056565718e-01,5.851151224479698154e-01,1.000000000000000000e+00
5.483249011747654000e-01,2.329310233085747917e-01,1.000000000000000000e+00
5.055554423930570529e-01,5.096308864912865166e-01,1.000000000000000000e+00
3.294548129123920366e-01,3.424764334769581087e-01,1.000000000000000000e+00
5.376893333769039440e-01,5.004819216559409645e-01,1.000000000000000000e+00
3.216609621573252586e-01,5.512396379986920225e-01,1.000000000000000000e+00
4.992046962396902710e-01,5.030058449895304928e-01,1.000000000000000000e+00
3.651285706691741462e-01,5.889968483063430238e-01,1.000000000000000000e+00
5.002374982488230204e-01,4.991263180349779227e-01,1.000000000000000000e+00
4.924892171082972947e-01,2.147407254438160051e-01,1.000000000000000000e+00
2.798779447062008097e-01,6.591352777048978817e-01,1.000000000000000000e+00
7.225830678389919548e-01,4.135275682588593349e-01,1.000000000000000000e+00
3.441532023038316179e-01,2.739309554351979092e-01,1.000000000000000000e+00
5.436074860814844589e-01,4.977119797051464678e-01,1.000000000000000000e+00
4.932196160134714180e-01,4.531692821140020921e-01,1.000000000000000000e+00
4.466243676016959929e-01,4.821240416498566161e-01,1.000000000000000000e+00
6.088653358261417736e-01,3.482652247845645643e-01,1.000000000000000000e+00
5.409797972115929499e-01,2.313648718134763693e-01,1.000000000000000000e+00
7.958001016504840930e-01,4.734799542240534787e-01,1.000000000000000000e+00
2.870138201619948370e-01,4.877749920034594733e-01,1.000000000000000000e+00
5.268897498340475716e-01,2.821128575437800157e-01,1.000000000000000000e+00
5.284776413382339388e-01,2.287025694767028661e-01,1.000000000000000000e+00
4.006844227152153159e-01,4.321811711539211287e-01,1.000000000000000000e+00
4.312152578404031544e-01,5.297815691802832960e-01,1.000000000000000000e+00
4.616161232994611119e-01,5.351240684142709592e-01,1.000000000000000000e+00
5.029750519875156867e-01,5.357134132276758498e-01,1.000000000000000000e+00
3.874915655034434359e-01,2.837314417960636881e-01,1.000000000000000000e+00
4.560868973387390835e-01,5.033105128112757010e-01,1.000000000000000000e+00
5.333311930227493391e-01,5.719431436309263539e-01,1.000000000000000000e+00
2.552173855651732604e-01,5.215199698038971432e-01,1.000000000000000000e+00
5.021253676399827226e-01,5.931519323488896323e-01,1.000000000000000000e+00
4.510248936362314942e-01,7.906276018850071363e-01,1.000000000000000000e+00
4.551685428007339329e-01,4.337519946032325491e-01,1.000000000000000000e+00
6.055582151613297937e-01,6.203669121721624435e-01,1.000000000000000000e+00
5.063326071382844296e-01,4.058726756568175609e-01,1.000000000000000000e+00
7.393968919066076229e-01,3.683004493331406559e-01,1.000000000000000000e+00
3.916678642012969003e-01,4.811085221085111829e-01,1.000000000000000000e+00
3.700876970610517680e-01,4.934424768842756714e-01,1.000000000000000000e+00
5.630847800073459641e-01,6.401436861295857206e-01,1.000000000000000000e+00
6.763339340150644752e-01,2.803592768185628747e-01,1.000000000000000000e+00
5.008343142652562641e-01,4.907528594294103264e-01,1.000000000000000000e+00
4.948585167637445381e-01,7.150021320905060040e-01,1.000000000000000000e+00
2.333567846064848461e-01,5.188075943795762424e-01,1.000000000000000000e+00
5.044249638993218987e-01,5.068871638245365796e-01,1.000000000000000000e+00
3.768043884273393207e-01,4.032983106794441608e-01,1.000000000000000000e+00
4.027496951891915145e-01,5.103257144165390669e-01,1.000000000000000000e+00
5.324536578028810085e-01,7.557962674406962789e-01,1.000000000000000000e+00
4.061274011829881792e-01,6.387897747682984573e-01,1.000000000000000000e+00
7.058512458929849798e-01,5.224180833986780126e-01,1.000000000000000000e+00
4.156759334939089667e-01,6.065190974686157643e-01,1.000000000000000000e+00
6.883423178074241644e-01,5.075281817006821461e-01,1.000000000000000000e+00
4.154282164481493678e-01,5.205346032142087465e-01,1.000000000000000000e+00
4.983497651554484320e-01,5.022676765328127901e-01,1.000000000000000000e+00
3.813290819598596504e-01,6.259185450216340207e-01,1.000000000000000000e+00
4.646088637942911159e-01,4.135289508299926919e-01,1.000000000000000000e+00
6.513768718367450861e-01,4.658538166958150484e-01,1.000000000000000000e+00
6.279715124741735988e-01,2.566786818400364489e-01,1.000000000000000000e+00
4.565805743494647517e-01,3.796504235710171926e-01,1.000000000000000000e+00
4.310214631106478178e-01,4.726066914740940650e-01,1.000000000000000000e+00
5.929596489767979817e-01,5.613662676634140203e-01,1.000000000000000000e+00
3.119368390282686310e-01,2.931543808821668318e-01,1.000000000000000000e+00
7.752102626125346729e-01,4.429533164553396407e-01,1.000000000000000000e+00
6.081209898143226100e-01,7.290638058393759113e-01,1.000000000000000000e+00
2.534279228579455756e-01,3.758532586766596406e-01,1.000000000000000000e+00
5.207698720851340335e-01,5.651389377251245794e-01,1.000000000000000000e+00
5.234602884877384010e-01,5.117642336353092070e-01,1.000000000000000000e+00
4.923476643852152668e-01,4.322377965343361383e-01,1.000000000000000000e+00
5.243100444300922147e-01,5.911260711769460441e-01,1.000000000000000000e+00
5.454832443466557379e-01,4.739202277200226243e-01,1.000000000000000000e+00
5.405722770693623946e-01,3.224483476041384300e-01,1.000000000000000000e+00
5.278680150632141244e-01,3.790942152870565574e-01,1.000000000000000000e+00
2.861177484561316930e-01,3.806975957821575607e-01,1.000000000000000000e+00
4.861847037243077763e-01,5.537934139231498465e-01,1.000000000000000000e+00
5.496380109967838878e-01,2.953714889456221515e-01,1.000000000000000000e+00
4.481494456189731301e-01,5.501088254310153580e-01,1.000000000000000000e+00
5.614992272083975111e-01,3.390859681948141802e-01,1.000000000000000000e+00
4.851861293975507361e-01,6.036429452930996975e-01,1.000000000000000000e+00
5.139094181601697731e-01,4.900716094353054220e-01,1.000000000000000000e+00
4.665556652500459922e-01,4.400542819311862863e-01,1.000000000000000000e+00
3.165520324991364376e-01,5.777157743472397522e-01,1.000000000000000000e+00
5.885284035921839463e-01,3.799337235579676730e-01,1.000000000000000000e+00
3.871097198079384016e-01,6.072369707391767069e-01,1.000000000000000000e+00
5.169655121109236751e-01,5.495944873517379925e-01,1.000000000000000000e+00
3.289477669835580431e-01,5.074582885868011983e-01,1.000000000000000000e+00
7.584305669885594847e-01,6.504333979067100646e-01,1.000000000000000000e+00
3.009720078944698174e-01,6.429602109132357413e-01,1.000000000000000000e+00
6.142488421023696299e-01,3.630974963171136882e-01,1.000000000000000000e+00
4.539525369837514868e-01,2.108468387084524442e-01,1.000000000000000000e+00
3.619972020555826120e-01,7.326125237950845692e-01,1.000000000000000000e+00
3.237921614120145009e-01,4.703657196563230114e-01,1.000000000000000000e+00
5.060270458338483879e-01,5.076358830610874229e-01,1.000000000000000000e+00
5.270481505179823722e-01,4.924834774593812026e-01,1.000000000000000000e+00
4.806692790392408932e-01,5.033067701186887399e-01,1.000000000000000000e+00
4.415030774194703689e-01,6.222446949156151819e-01,1.000000000000000000e+00
5.481621342801574759e-01,6.018136880659964438e-01,1.000000000000000000e+00
2.419799744137341446e-01,6.379976754806293560e-01,1.000000000000000000e+00
5.503632821813578824e-01,5.017873498252495290e-01,1.000000000000000000e+00
5.720297841696534435e-01,7.828075725720673450e-01,1.000000000000000000e+00
5.400975753678832758e-01,2.732759934636743715e-01,1.000000000000000000e+00
7.196557211023602019e-01,6.135538887541923669e-01,1.000000000000000000e+00
4.176554577474622665e-01,3.290098663413225655e-01,1.000000000000000000e+00
6.531699004535378439e-01,6.295658064861504588e-01,1.000000000000000000e+00
6.280783049119893491e-01,5.637452446311655985e-01,1.000000000000000000e+00
5.007708219458462118e-01,4.961352125392547996e-01,1.000000000000000000e+00
4.174171174106391380e-01,5.662967886242797899e-01,1.000000000000000000e+00
4.082199850642932448e-01,6.156224375398732240e-01,1.000000000000000000e+00
3.456932252151443397e-01,6.554426104434920575e-01,1.000000000000000000e+00
6.007016579226017727e-01,5.981035331569976021e-01,1.000000000000000000e+00
4.711640380330456290e-01,3.658425535011545771e-01,1.000000000000000000e+00
5.061759226375744936e-01,5.408344303449155177e-01,1.000000000000000000e+00
5.022515301181393887e-01,4.976332682296078502e-01,1.000000000000000000e+00
5.788313639497921770e-01,7.133877899175515847e-01,1.000000000000000000e+00
5.927712854450241098e-01,4.753672520750454877e-01,1.000000000000000000e+00
7.178902339590915727e-01,3.006640627568838986e-01,1.000000000000000000e+00
4.345050786297053325e-01,5.087003200039955653e-01,1.000000000000000000e+00
5.903403917091993858e-01,5.465155351806388895e-01,1.000000000000000000e+00
3.454662425692151539e-01,4.713405809330533103e-01,1.000000000000000000e+00
7.205235091018633575e-01,5.515449513363631651e-01,1.000000000000000000e+00
6.388169187529967319e-01,5.097276410071658326e-01,1.000000000000000000e+00
4.647373591111698676e-01,4.873981663340857251e-01,1.000000000000000000e+00
5.849206917922079585e-01,5.397192163301547385e-01,1.000000000000000000e+00
3.524263206400137793e-01,4.663760131189613189e-01,1.000000000000000000e+00
6.584496821329265392e-01,6.255397225441136078e-01,1.000000000000000000e+00
6.885631598366537265e-01,6.335129983226095440e-01,1.000000000000000000e+00
4.686117759398582550e-01,4.766837650535369342e-01,1.000000000000000000e+00
4.979161774975510157e-01,5.065511049217110706e-01,1.000000000000000000e+00
6.011027909601797115e-01,3.815584244826528693e-01,1.000000000000000000e+00
6.429606312937521384e-01,6.964932872292144417e-01,1.000000000000000000e+00
4.964331606634615479e-01,4.987451685179962735e-01,1.000000000000000000e+00
6.060030928230408787e-01,3.283528136288704213e-01,1.000000000000000000e+00
2.975446944995354670e-01,4.617201372383791247e-01,1.000000000000000000e+00
5.421468263923517883e-01,6.280143864172497148e-01,1.000000000000000000e+00
3.611899632028169882e-01,2.632570499263861552e-01,1.000000000000000000e+00
5.500538877005862748e-01,3.132843953883718280e-01,1.000000000000000000e+00
5.014788895826604032e-01,4.994671618655414647e-01,1.000000000000000000e+00
6.452941041828624824e-01,4.968367763575451956e-01,1.000000000000000000e+00
4.522286305388307781e-01,7.533304847993620434e-01,1.000000000000000000e+00
6.569551388112919721e-01,6.934574747415200857e-01,1.000000000000000000e+00
6.170608903193619543e-01,6.556369281508260816e-01,1.000000000000000000e+00
6.985344667413391218e-01,5.378460894736452058e-01,1.000000000000000000e+00
6.625998619947439661e-01,4.393300434913989250e-01,1.000000000000000000e+00
5.302996289516661577e-01,5.764505139797546640e-01,1.000000000000000000e+00
4.314046274027701910e-01,3.464678431585777041e-01,1.000000000000000000e+00
3.619048038211186702e-01,6.467637493909632607e-01,1.000000000000000000e+00
6.044403507201362435e-01,4.835436600558430942e-01,1.000000000000000000e+00
4.108250739706065247e-01,2.592353222639596777e-01,1.000000000000000000e+00
4.845405888883951850e-01,4.435679834362080132e-01,1.000000000000000000e+00
2.760818079041114093e-01,4.888376226334472108e-01,1.000000000000000000e+00
5.377899112072515031e-01,4.217682918193886299e-01,1.000000000000000000e+00
2.787507048213389016e-01,5.702682695639366139e-01,1.000000000000000000e+00
6.214465484887008451e-01,5.414374941551964859e-01,1.000000000000000000e+00
7.145576798173938204e-01,3.873993479646223315e-01,1.000000000000000000e+00
4.020958156768533742e-01,4.592128499037985701e-01,1.000000000000000000e+00
5.598388790017079231e-01,5.230030550708834047e-01,1.000000000000000000e+00
5.273767320155883231e-01,2.714484498807555601e-01,1.000000000000000000e+00
4.105728707383012321e-01,4.759963499158323952e-01,1.000000000000000000e+00
3.817157388685660790e-01,3.145352238034058723e-01,1.000000000000000000e+00
3.135733639049730348e-01,3.770092110639686189e-01,1.000000000000000000e+00
4.607759243947745498e-01,4.464000296782848487e-01,1.000000000000000000e+00
4.520746474536905257e-01,4.572317731795750295e-01,1.000000000000000000e+00
5.368128682616949421e-01,4.530208813239129384e-01,1.000000000000000000e+00
5.409318735687775881e-01,4.876462710039374815e-01,1.000000000000000000e+00
6.082098835128262326e-01,5.329823726615728896e-01,1.000000000000000000e+00
5.065618957677963108e-01,4.954441789086814207e-01,1.000000000000000000e+00
5.053293126974338634e-01,4.671534176789234327e-01,1.000000000000000000e+00
6.972008649631684651e-01,5.454435347635684384e-01,1.000000000000000000e+00
4.934077792994461809e-01,2.601576175200116525e-01,1.000000000000000000e+00
4.787932718959774792e-01,5.115726016815144161e-01,1.000000000000000000e+00
5.589994361876122753e-01,4.632467281572816287e-01,1.000000000000000000e+00
5.153693234694477487e-01,5.603617535004075112e-01,1.000000000000000000e+00
7.730978004128622461e-01,4.660490155415184521e-01,1.000000000000000000e+00
2.960607715827050512e-01,4.371832661895319605e-01,1.000000000000000000e+00
4.187815024485516124e-01,3.550362449856956371e-01,1.000000000000000000e+00
5.397194500797143357e-01,5.822689110929222256e-01,1.000000000000000000e+00
3.284010950655889549e-01,6.824339088589582714e-01,1.000000000000000000e+00
6.232349022567917896e-01,5.432131203809305031e-01,1.000000000000000000e+00
6.399563939215471287e-01,2.609150106924085222e-01,1.000000000000000000e+00
3.294346944462556714e-01,3.744082005945442160e-01,1.000000000000000000e+00
5.954891298191136162e-01,3.930042995633075131e-01,1.000000000000000000e+00
4.765954671764101591e-01,5.297630134439987870e-01,1.000000000000000000e+00
4.447139280932573269e-01,2.124535839729622677e-01,1.000000000000000000e+00
5.411689395572835126e-01,4.754168749721003340e-01,1.000000000000000000e+00
5.529795342075959352e-01,4.702098194355369687e-01,1.000000000000000000e+00
6.148120162741913530e-01,5.595885430056889431e-01,1.000000000000000000e+00
5.906480524132484700e-01,5.805422674785634118e-01,1.000000000000000000e+00
5.438983580545647678e-01,5.033427383534154753e-01,1.000000000000000000e+00
3.458258453492388806e-01,3.447522052003633153e-01,1.000000000000000000e+00
5.432073094029702398e-01,5.365971506882516451e-01,1.000000000000000000e+00
3.355724381133972645e-01,3.986209047152952101e-01,1.000000000000000000e+00
4.467294852033760755e-01,2.800676824792775466e-01,1.000000000000000000e+00
5.527069743962550463e-01,4.650900079264292941e-01,1.000000000000000000e+00
6.727841579299975727e-01,4.485337438985760872e-01,1.000000000000000000e+00
2.894301368085203663e-01,4.216369555984793016e-01,1.000000000000000000e+00
6.913292384768636722e-01,5.072252014914966356e-01,1.000000000000000000e+00
4.591990308017842581e-01,6.744298493540505923e-01,1.000000000000000000e+00
5.150290365728357189e-01,5.873613665297772179e-01,1.000000000000000000e+00
2.816071555074642907e-01,4.781622331022639671e-01,1.000000000000000000e+00
4.183762996310818050e-01,2.284078503633664714e-01,1.000000000000000000e+00
4.516260392904555832e-01,3.818510065866318470e-01,1.000000000000000000e+00
5.448641705824365244e-01,2.696742269951079574e-01,1.000000000000000000e+00
5.014590177051954090e-01,4.832210030864537709e-01,1.000000000000000000e+00
6.907146907240186984e-01,3.374608193837685954e-01,1.000000000000000000e+00
5.165888594274175016e-01,5.552378126832320238e-01,1.000000000000000000e+00
3.868447526594289698e-01,5.352849574449745074e-01,1.000000000000000000e+00
5.841451506852678444e-01,4.680004580144871973e-01,1.000000000000000000e+00
4.782218286985689959e-01,4.898410289715884880e-01,1.000000000000000000e+00
6.068093834474385107e-01,2.505127092611990625e-01,1.000000000000000000e+00
5.212934255544094952e-01,3.910144028203615396e-01,1.000000000000000000e+00
5.891415655224248038e-01,3.680857827803482030e-01,1.000000000000000000e+00
4.431458425701025883e-01,6.368984454368855630e-01,1.000000000000000000e+00
5.022556104415504263e-01,4.604158707168453657e-01,1.000000000000000000e+00
4.946146264249217661e-01,5.617016434978013839e-01,1.000000000000000000e+00
4.798643014153408104e-01,5.108157181207013675e-01,1.000000000000000000e+00
4.442527946587567222e-01,3.581872717580709686e-01,1.000000000000000000e+00
4.665099448316101238e-01,5.709588002335261869e-01,1.000000000000000000e+00
5.819985874317467056e-01,4.310753963550365553e-01,1.000000000000000000e+00
5.159789989264530474e-01,5.282081897201535980e-01,1.000000000000000000e+00
3.849102798414474336e-01,7.063389622112857813e-01,1.000000000000000000e+00
4.747716862988951569e-01,5.196454381223319929e-01,1.000000000000000000e+00
2.820825442950037898e-01,6.998948527656584373e-01,1.000000000000000000e+00
5.319030892407402566e-01,5.425081160904974276e-01,1.000000000000000000e+00
4.959734275200221587e-01,3.283256808349525047e-01,1.000000000000000000e+00
4.865755168190786795e-01,5.008846549733168008e-01,1.000000000000000000e+00
4.865288306544062746e-01,7.357503179344693223e-01,1.000000000000000000e+00
5.515689864499035977e-01,5.240036877761808931e-01,1.000000000000000000e+00
6.551047556161226915e-01,5.319992144119876087e-01,1.000000000000000000e+00
4.667632221726755737e-01,2.804785981057651978e-01,1.000000000000000000e+00
5.440598674767304077e-01,4.909513209147767787e-01,1.000000000000000000e+00
6.639906915679463228e-01,5.209711635078041470e-01,1.000000000000000000e+00
4.350599944502606120e-01,4.975778059174255086e-01,1.000000000000000000e+00
2.842995062016014929e-01,5.731257457535681166e-01,1.000000000000000000e+00
6.789627593770790615e-01,6.225026721865254409e-01,1.000000000000000000e+00
5.525112326069754332e-01,5.069159949010593191e-01,1.000000000000000000e+00
7.566316657179981142e-01,4.682358796897531650e-01,1.000000000000000000e+00
5.049803359377990075e-01,5.032235329106410360e-01,1.000000000000000000e+00
2.582359801334532801e-01,4.097179366974463832e-01,1.000000000000000000e+00
4.687810860083124753e-01,6.647391626811900434e-01,1.000000000000000000e+00
3.976991842219083084e-01,4.354449807341775891e-01,1.000000000000000000e+00
2.793654977036198472e-01,4.440255605061387278e-01,1.000000000000000000e+00
5.903499742992643906e-01,6.951812735797693321e-01,1.000000000000000000e+00
5.208068432840049500e-01,2.045338546226989074e-01,1.000000000000000000e+00
4.310473389610007811e-01,5.469611224230056523e-01,1.000000000000000000e+00
5.011367533094376325e-01,4.999446154811407750e-01,1.000000000000000000e+00
4.713851356771975865e-01,7.787056815053277070e-01,1.000000000000000000e+00
4.312100200412486428e-01,2.519943378973379944e-01,1.000000000000000000e+00
3.047443756502838941e-01,4.015857464121401765e-01,1.000000000000000000e+00
4.836816926325201438e-01,6.541452876359997726e-01,1.000000000000000000e+00
6.487548420809368110e-01,3.488284454662984313e-01,1.000000000000000000e+00
3.189811884024599253e-01,3.514652738513559527e-01,1.000000000000000000e+00
5.798288783149083692e-01,4.207836648107090016e-01,1.000000000000000000e+00
3.406638272640540865e-01,6.673848721677855256e-01,1.000000000000000000e+00
6.498426300575392833e-01,3.319032885931820775e-01,1.000000000000000000e+00
6.268257920753370627e-01,3.667418386695003862e-01,1.000000000000000000e+00
3.900618071778553797e-01,4.505201694102730636e-01,1.000000000000000000e+00
3.008428890260754773e-01,4.359850971706417666e-01,1.000000000000000000e+00
5.007456943078120171e-01,5.005621650512831478e-01,1.000000000000000000e+00
3.399108590417733167e-01,6.685624517106624198e-01,1.000000000000000000e+00
7.008955749146030811e-01,3.212218882408812148e-01,1.000000000000000000e+00
4.505401960573168219e-01,5.520404505968149467e-01,1.000000000000000000e+00
5.285292487078591117e-01,4.776682709871521992e-01,1.000000000000000000e+00
5.658865146532081614e-01,4.948794178162808088e-01,1.000000000000000000e+00
5.813535499004978124e-01,4.600598062893808127e-01,1.000000000000000000e+00
4.345450037531778387e-01,7.566947305470268503e-01,1.000000000000000000e+00
6.597983748474636201e-01,4.681070731902344795e-01,1.000000000000000000e+00
5.789213046040893040e-01,4.657984067419044250e-01,1.000000000000000000e+00
4.905030175579858653e-01,5.404053108067404798e-01,1.000000000000000000e+00
4.920668484796154596e-01,5.866810703629959933e-01,1.000000000000000000e+00
4.178260823806777546e-01,6.648115335675965909e-01,1.000000000000000000e+00
5.655562080952876158e-01,4.281786635397645258e-01,1.000000000000000000e+00
6.005139794420565336e-01,5.933969494062836247e-01,1.000000000000000000e+00
6.326789487270180201e-01,4.878387092902954913e-01,1.000000000000000000e+00
7.249969196074658173e-01,3.946476294542756724e-01,1.000000000000000000e+00
4.030978603377711189e-01,4.165163327066931376e-01,1.000000000000000000e+00
3.966670250277136711e-01,4.911689734476265001e-01,1.000000000000000000e+00
5.416490766264088208e-01,3.018380599786133489e-01,1.000000000000000000e+00
4.340479938857423337e-01,5.080758888415091157e-01,1.000000000000000000e+00
4.023262709147684135e-01,6.005411460273710755e-01,1.000000000000000000e+00
5.936298456755586539e-01,4.877353593097262241e-01,1.000000000000000000e+00
3.845650312868761911e-01,6.484590284720461728e-01,1.000000000000000000e+00
3.355182550961731680e-01,2.945145216237993191e-01,1.000000000000000000e+00
3.694536406128326456e-01,5.315584810689911732e-01,1.000000000000000000e+00
6.751534375665249055e-01,6.571778708324464979e-01,1.000000000000000000e+00
4.760067795585213313e-01,6.349737530296923893e-01,1.000000000000000000e+00
6.346442086788908199e-01,3.563745799248354551e-01,1.000000000000000000e+00
5.066018668957856796e-01,4.610025744933264891e-01,1.000000000000000000e+00
3.856787166176980919e-01,4.383298058243593753e-01,1.000000000000000000e+00
7.156270881201604039e-01,3.329033057991146460e-01,1.000000000000000000e+00
4.433333662515581697e-01,3.274215352899799703e-01,1.000000000000000000e+00
6.568091730438612164e-01,3.316973638464419949e-01,1.000000000000000000e+00
6.393813873193670005e-01,4.408571879934551352e-01,1.000000000000000000e+00
4.910168675777445979e-01,6.491464039792369523e-01,1.000000000000000000e+00
3.975206255054528626e-01,7.311735072558017690e-01,1.000000000000000000e+00
5.199804202763834704e-01,5.038187742279089942e-01,1.000000000000000000e+00
3.313253833790683611e-01,4.664355475647537497e-01,1.000000000000000000e+00
7.773496353747060272e-01,5.554012128463328146e-01,1.000000000000000000e+00
4.096166124744395898e-01,6.263604206774333605e-01,1.000000000000000000e+00
5.465684189532444837e-01,5.351412571342473168e-01,1.000000000000000000e+00
3.421714761022019435e-01,3.004999593047429363e-01,1.000000000000000000e+00
4.298306263779568259e-01,4.721564689309502572e-01,1.000000000000000000e+00
4.452557252905442464e-01,7.029645102596586703e-01,1.000000000000000000e+00
3.382402681419753865e-01,5.101567063504277577e-01,1.000000000000000000e+00
2.548417477076534432e-01,3.553502211922647813e-01,1.000000000000000000e+00
3.540661117482161169e-01,6.174094071050106880e-01,1.000000000000000000e+00
6.123036517638315024e-01,7.249144851704709680e-01,1.000000000000000000e+00
4.998442585465444066e-01,4.976252385752959473e-01,1.000000000000000000e+00
6.317544892474020735e-01,7.659552439215643327e-01,1.000000000000000000e+00
4.843379348814891294e-01,5.172701944400981411e-01,1.000000000000000000e+00
5.053487391593044498e-01,5.964907203214777631e-01,1.000000000000000000e+00
7.811641932228625684e-01,5.389241369577868479e-01,1.000000000000000000e+00
5.020173973122817879e-01,5.017668581416520057e-01,1.000000000000000000e+00
5.963205804885542971e-01,2.727513138909490875e-01,1.000000000000000000e+00
4.524614112051674741e-01,2.460476888849927324e-01,1.000000000000000000e+00
4.416278734204965306e-01,3.816644689873314178e-01,1.000000000000000000e+00
5.722207975990408757e-01,5.258971189149173053e-01,1.000000000000000000e+00
3.064480569021166834e-01,3.567324629699528127e-01,1.000000000000000000e+00
3.904991739702176057e-01,4.074729354513311197e-01,1.000000000000000000e+00
4.966114888519255199e-01,4.598411211312029012e-01,1.000000000000000000e+00
3.521500884093875516e-01,7.358426201016747825e-01,1.000000000000000000e+00
2.986515156326782217e-01,3.219343261518580190e-01,1.000000000000000000e+00
5.407792312029959803e-01,3.582870810124989536e-01,1.000000000000000000e+00
7.149945642503783283e-01,3.591743545323737297e-01,1.000000000000000000e+00
5.938844728437713272e-01,5.833929642570552243e-01,1.000000000000000000e+00
7.044318207385655839e-01,5.157738691466262626e-01,1.000000000000000000e+00
4.110501535429244568e-01,5.796468092915976200e-01,1.000000000000000000e+00
3.992155499361269566e-01,6.134118316785868164e-01,1.000000000000000000e+00
5.550246694599012542e-01,5.143517272507649452e-01,1.000000000000000000e+00
3.396989297985787415e-01,2.589359151151181537e-01,1.000000000000000000e+00
5.880322673760376428e-01,5.064014302657662281e-01,1.000000000000000000e+00
4.816599384059913058e-01,4.749602053045512973e-01,1.000000000000000000e+00
4.601494816668448840e-01,4.830778158775766995e-01,1.000000000000000000e+00
4.973604925753369876e-01,5.033024761255339152e-01,1.000000000000000000e+00
6.993334367305072963e-01,4.200111069379779405e-01,1.000000000000000000e+00
3.315451052756612227e-01,5.173839081722464428e-01,1.000000000000000000e+00
2.634737939184940148e-01,4.703810551821626107e-01,1.000000000000000000e+00
5.795755571851481935e-01,6.296512054416746329e-01,1.000000000000000000e+00
7.006172810704425213e-01,3.727956100992085853e-01,1.000000000000000000e+00
6.096941975303116212e-01,6.775812174631621332e-01,1.000000000000000000e+00
6.156294073368642206e-01,7.026923356336347570e-01,1.000000000000000000e+00
5.090719721480522209e-01,6.216069421160274056e-01,1.000000000000000000e+00
3.154588556565695590e-01,5.609030166266589790e-01,1.000000000000000000e+00
4.470234057839945763e-01,4.898600040071707795e-01,1.000000000000000000e+00
5.632826786442708400e-01,5.729138572478182923e-01,1.000000000000000000e+00
4.744271195430591059e-01,5.450259894387432524e-01,1.000000000000000000e+00
5.259710450804317983e-01,6.198085938796493721e-01,1.000000000000000000e+00
5.352943203595272870e-01,5.632438298855628744e-01,1.000000000000000000e+00
4.999115810114158620e-01,6.220765662182617950e-01,1.000000000000000000e+00
6.238266023053171683e-01,2.349297298667323841e-01,1.000000000000000000e+00
5.436677088679904291e-01,5.856010137018112793e-01,1.000000000000000000e+00
4.856689902592726260e-01,2.056013191503724968e-01,1.000000000000000000e+00
3.935831695424181209e-01,6.584776069907949392e-01,1.000000000000000000e+00
4.182186100047510235e-01,5.772929410594868083e-01,1.000000000000000000e+00
5.656276413555589855e-01,2.512668444994027306e-01,1.000000000000000000e+00
6.498511306532063214e-01,3.900248476878527826e-01,1.000000000000000000e+00
5.668607778094746363e-01,4.646942355424288351e-01,1.000000000000000000e+00
2.696413594551557713e-01,5.592512284712171100e-01,1.000000000000000000e+00
5.498330714755452764e-01,3.800588365140654679e-01,1.000000000000000000e+00
3.930905587394742939e-01,5.085821033727137008e-01,1.000000000000000000e+00
4.120547622941320709e-01,4.543590962305335546e-01,1.000000000000000000e+00
3.558515822988322364e-01,3.483743588475097797e-01,1.000000000000000000e+00
5.192154234755403941e-01,5.782708599504977620e-01,1.000000000000000000e+00
5.898331322326004766e-01,7.252292379395632871e-01,1.000000000000000000e+00
5.038605238948969944e-01,4.114975206896025473e-01,1.000000000000000000e+00
3.370512669278871165e-01,4.903130192046632474e-01,1.000000000000000000e+00
3.565919541629558598e-01,4.706708884538329807e-01,1.000000000000000000e+00
6.887923260174682039e-01,3.262053770450999979e-01,1.000000000000000000e+00
7.664811359037622118e-01,5.043064278744522344e-01,1.000000000000000000e+00
5.528395109723375223e-01,4.836362561417402728e-01,1.000000000000000000e+00
4.313527894799519258e-01,6.616307957727761702e-01,1.000000000000000000e+00
3.950048451699753604e-01,2.518356897449244292e-01,1.000000000000000000e+00
4.097411493889113188e-01,5.988189833335496592e-01,1.000000000000000000e+00
4.345217321455391302e-01,2.313025828598577749e-01,1.000000000000000000e+00
4.889198640203905044e-01,4.170393881839641881e-01,1.000000000000000000e+00
5.388913154392428462e-01,3.215392158940150735e-01,1.000000000000000000e+00
6.922359820396930541e-01,5.704429070023291359e-01,1.000000000000000000e+00
5.325281631085196921e-01,5.602405653264347363e-01,1.000000000000000000e+00
5.040151195198260270e-01,4.990315933581743746e-01,1.000000000000000000e+00
5.242795988625692516e-01,6.226368564189685983e-01,1.000000000000000000e+00
6.438476997731032991e-01,2.579768961630798940e-01,1.000000000000000000e+00
4.455354702614668372e-01,5.873141487526756244e-01,1.000000000000000000e+00
4.282027028024582016e-01,7.226325517203557869e-01,1.000000000000000000e+00
5.467938347359679874e-01,5.236281006970407992e-01,1.000000000000000000e+00
4.267437819740577121e-01,4.281850758998391182e-01,1.000000000000000000e+00
4.738752094008617521e-01,4.653696607785503536e-01,1.000000000000000000e+00
5.472044353430361996e-01,7.097860273827367728e-01,1.000000000000000000e+00
4.332810760045924803e-01,6.989004497514741399e-01,1.000000000000000000e+00
4.260904571826990561e-01,3.071271154501118983e-01,1.000000000000000000e+00
5.464898755906679728e-01,4.398539195460868800e-01,1.000000000000000000e+00
4.106743014086670640e-01,6.875194603033634166e-01,1.000000000000000000e+00
5.378773068769338028e-01,5.567017205499973365e-01,1.000000000000000000e+00
5.374850329265170590e-01,3.782449559319529531e-01,1.000000000000000000e+00
6.017638508112366225e-01,4.542456069782385142e-01,1.000000000000000000e+00
4.616908476756523827e-01,5.994703118200434000e-01,1.000000000000000000e+00
5.042775547736051411e-01,4.832408402065859199e-01,1.000000000000000000e+00
3.636857356337577785e-01,3.683702433296673351e-01,1.000000000000000000e+00
6.740438802170820587e-01,6.213896109129949386e-01,1.000000000000000000e+00
3.791833622924107861e-01,6.388795801944461283e-01,1.000000000000000000e+00
3.082557667970061699e-01,5.325883064263908784e-01,1.000000000000000000e+00
4.738248730543053733e-01,5.437498445798064628e-01,1.000000000000000000e+00
5.445798579845203546e-01,5.047673238044578792e-01,1.000000000000000000e+00
3.664611601129541540e-01,4.227910884271909309e-01,1.000000000000000000e+00
3.034210308345933749e-01,6.741131047518262864e-01,1.000000000000000000e+00
5.040418397904488090e-01,5.550378207257917751e-01,1.000000000000000000e+00
5.438010978076394109e-01,3.682378342867608789e-01,1.000000000000000000e+00
6.245349611299776393e-01,4.676038782841899222e-01,1.000000000000000000e+00
6.166642180961422470e-01,4.070153329040732126e-01,1.000000000000000000e+00
5.379447476294979547e-01,5.301315737359065805e-01,1.000000000000000000e+00
5.494776850126587009e-01,5.900325609369295732e-01,1.000000000000000000e+00
4.349580163023078483e-01,5.440665576313514773e-01,1.000000000000000000e+00
4.340931777977025674e-01,2.553643341766327346e-01,1.000000000000000000e+00
2.959575197385824752e-01,6.265484870530814154e-01,1.000000000000000000e+00
5.314239528819039160e-01,3.759257375263774237e-01,1.000000000000000000e+00
4.009453130202251803e-01,3.471920543470907727e-01,1.000000000000000000e+00
5.409684664967695511e-01,5.150335189564589911e-01,1.000000000000000000e+00
4.521684962433739630e-01,6.452090256019726855e-01,1.000000000000000000e+00
5.335804287314507288e-01,5.825126430577285408e-01,1.000000000000000000e+00
2.489687034637724228e-01,5.591038639757154316e-01,1.000000000000000000e+00
6.222007484720674109e-01,3.398095766154726749e-01,1.000000000000000000e+00
3.100043185435125137e-01,5.042047886986785743e-01,1.000000000000000000e+00
4.864152962260587798e-01,4.651271503662260942e-01,1.000000000000000000e+00
6.391289163726112665e-01,4.760435741648268437e-01,1.000000000000000000e+00
6.977012090305199088e-01,7.202579360564139721e-01,1.000000000000000000e+00
2.444110210379337178e-01,6.249347547816431758e-01,1.000000000000000000e+00
3.967181902404993132e-01,3.363385773399159007e-01,1.000000000000000000e+00
4.997873420657237276e-01,5.455169645371173992e-01,1.000000000000000000e+00
3.092919884545005660e-01,4.801521809692118614e-01,1.000000000000000000e+00
4.456755756178647498e-01,6.607684148601302709e-01,1.000000000000000000e+00
4.933106759336672309e-01,3.595594680702872692e-01,1.000000000000000000e+00
3.915139140073368718e-01,4.312961724488036386e-01,1.000000000000000000e+00
5.797097190970401659e-01,3.388555235645661079e-01,1.000000000000000000e+00
6.907930319549153708e-01,3.308302273395258286e-01,1.000000000000000000e+00
5.324719823514997286e-01,7.229843580124216684e-01,1.000000000000000000e+00
3.430958643761292670e-01,5.747687731137881562e-01,1.000000000000000000e+00
7.002954250328425889e-01,3.080657747757520326e-01,1.000000000000000000e+00
4.805781685193418751e-01,4.999202944293177353e-01,1.000000000000000000e+00
2.026178017564230771e-01,4.964028898341684704e-01,1.000000000000000000e+00
4.858922717010512038e-01,5.073300710757864262e-01,1.000000000000000000e+00
4.679245933451630091e-01,4.494724743179730475e-01,1.000000000000000000e+00
3.741294464974733169e-01,5.155366316957061823e-01,1.000000000000000000e+00
4.973466652172597868e-01,5.321433364137031496e-01,1.000000000000000000e+00
3.353305343750396239e-01,5.888301605911742120e-01,1.000000000000000000e+00
4.856702705180545587e-01,5.013980741514243444e-01,1.000000000000000000e+00
5.163374626695452774e-01,4.161903636741450252e-01,1.000000000000000000e+00
4.818246837848291220e-01,4.977749696029170057e-01,1.000000000000000000e+00
5.720703124173635024e-01,3.016305958583020974e-01,1.000000000000000000e+00
5.913208089993553518e-01,6.785372178641216889e-01,1.000000000000000000e+00
5.475588369819343049e-01,6.031370492483850709e-01,1.000000000000000000e+00
4.970470364628540305e-01,5.563810000096111041e-01,1.000000000000000000e+00
5.544688963781271296e-01,7.173812288142976668e-01,1.000000000000000000e+00
4.421867462408543004e-01,5.841715702132308508e-01,1.000000000000000000e+00
4.951424064952922310e-01,7.385408958737538221e-01,1.000000000000000000e+00
3.626988397607976977e-01,4.492786950317631534e-01,1.000000000000000000e+00
6.385318271388918943e-01,5.753557276837284462e-01,1.000000000000000000e+00
4.914993126188829664e-01,5.008909991448479149e-01,1.000000000000000000e+00
5.094056181533259675e-01,3.069593956274447866e-01,1.000000000000000000e+00
5.993217861954430736e-01,4.653361682763842988e-01,1.000000000000000000e+00
5.167916456002895620e-01,5.666797244015777668e-01,1.000000000000000000e+00
6.242884164379063350e-01,4.613306308156526758e-01,1.000000000000000000e+00
5.978825818474121645e-01,5.598692091086892031e-01,1.000000000000000000e+00
6.122731855227500075e-01,4.148067572559425154e-01,1.000000000000000000e+00
2.893467566349322007e-01,2.951339492249712704e-01,1.000000000000000000e+00
4.106215883069617711e-01,4.370641313867479338e-01,1.000000000000000000e+00
3.315893121266496602e-01,3.399630195072282923e-01,1.000000000000000000e+00
4.685501239308801913e-01,3.371792804436855029e-01,1.000000000000000000e+00
7.314016987500816525e-01,3.673232415185397892e-01,1.000000000000000000e+00
5.683149693400024738e-01,4.183158378104822606e-01,1.000000000000000000e+00
4.267177437687190711e-01,4.925933185231103351e-01,1.000000000000000000e+00
6.851421564650063134e-01,2.989566542962648343e-01,1.000000000000000000e+00
5.009740932047977990e-01,5.130239023841599577e-01,1.000000000000000000e+00
7.803065454289979108e-01,4.472541198107528038e-01,1.000000000000000000e+00
6.528745281565049297e-01,5.670250525065430036e-01,1.000000000000000000e+00
3.925941938893003358e-01,5.348199252219966171e-01,1.000000000000000000e+00
7.029189802748897486e-01,7.189417927704077060e-01,1.000000000000000000e+00
5.174295888986675251e-01,4.983364818289913178e-01,1.000000000000000000e+00
3.460546089813350545e-01,4.818476397045153847e-01,1.000000000000000000e+00
4.947000102579857672e-01,4.923225891145212585e-01,1.000000000000000000e+00
3.286495612190262205e-01,5.008845240032778756e-01,1.000000000000000000e+00
4.498104784394332811e-01,5.203029892386371591e-01,1.000000000000000000e+00
3.461793093750661354e-01,3.896865771537871281e-01,1.000000000000000000e+00
7.941439695835998958e-01,5.088508952047291478e-01,1.000000000000000000e+00
6.310414976755998051e-01,7.274181799187341424e-01,1.000000000000000000e+00
3.720884861494678231e-01,4.551370499116493273e-01,1.000000000000000000e+00
6.938375276287027660e-01,5.871752561125640479e-01,1.000000000000000000e+00
2.688778529534225914e-01,5.313646663527159530e-01,1.000000000000000000e+00
6.456868094107830469e-01,5.285241052515982085e-01,1.000000000000000000e+00
5.489913954398768503e-01,3.491983697223777772e-01,1.000000000000000000e+00
5.445371097153786089e-01,4.920829304965732010e-01,1.000000000000000000e+00
6.037973285154214498e-01,5.388224425667555995e-01,1.000000000000000000e+00
5.282336793473372261e-01,4.680112678460810471e-01,1.000000000000000000e+00
6.403414258205395448e-01,3.330928648101612044e-01,1.000000000000000000e+00
5.285334809001047685e-01,3.597695960845203045e-01,1.000000000000000000e+00
3.784354225510949687e-01,5.579340350187943498e-01,1.000000000000000000e+00
5.195126539581489400e-01,7.650822000386487964e-01,1.000000000000000000e+00
4.019897822171172863e-01,6.242913448746623128e-01,1.000000000000000000e+00
4.035529198214614643e-01,4.241057412362889689e-01,1.000000000000000000e+00
4.194372865670271122e-01,4.958875835350449734e-01,1.000000000000000000e+00
4.811891569115825384e-01,4.893760567048183741e-01,1.000000000000000000e+00
5.614029711636217002e-01,3.906149941642484413e-01,1.000000000000000000e+00
5.026365130878395204e-01,4.927377299841159131e-01,1.000000000000000000e+00
5.788627415328896353e-01,5.375502801167350020e-01,1.000000000000000000e+00
4.766608377109103900e-01,3.507611046364150220e-01,1.000000000000000000e+00
4.195293693732656815e-01,2.216173867580965018e-01,1.000000000000000000e+00
5.328003451575069604e-01,4.990236137435895558e-01,1.000000000000000000e+00
6.358395056522747613e-01,3.506138822927725718e-01,1.000000000000000000e+00
3.732832163272692405e-01,4.197705132373608650e-01,1.000000000000000000e+00
7.016907032580641523e-01,6.169196708607567192e-01,1.000000000000000000e+00
5.427046659474427104e-01,4.943097634691330233e-01,1.000000000000000000e+00
5.225725530443487976e-01,4.893453797369731739e-01,1.000000000000000000e+00
3.825090122328010933e-01,5.232306334577463414e-01,1.000000000000000000e+00
4.530283611493419738e-01,7.344292216020903430e-01,1.000000000000000000e+00
4.457802169012838878e-01,5.191514521780175029e-01,1.000000000000000000e+00
6.840400252566752881e-01,6.385013812705924163e-01,1.000000000000000000e+00
5.465099184947014299e-01,4.263699047912598017e-01,1.000000000000000000e+00
5.393124655425260983e-01,4.481511560511819980e-01,1.000000000000000000e+00
5.039828051795324226e-01,5.030470059959097906e-01,1.000000000000000000e+00
6.073561897011043875e-01,4.472907723629152565e-01,1.000000000000000000e+00
3.942774248201905696e-01,4.564934905108524177e-01,1.000000000000000000e+00
5.561517917374432241e-01,6.896660046620296525e-01,1.000000000000000000e+00
5.056823895419855219e-01,4.794973609901512224e-01,1.000000000000000000e+00
4.982984547797857378e-01,5.457495646030798842e-01,1.000000000000000000e+00
4.960040558011268308e-01,4.970401316896548849e-01,1.000000000000000000e+00
4.779745517227820817e-01,4.739165839113993473e-01,1.000000000000000000e+00
6.246321139287126512e-01,6.506700687151186768e-01,1.000000000000000000e+00
6.042753503213446065e-01,5.609801604595149316e-01,1.000000000000000000e+00
5.781807438348111061e-01,5.562403928537340558e-01,1.000000000000000000e+00
4.470156808379750490e-01,6.587658128245258427e-01,1.000000000000000000e+00
5.755819425875408069e-01,2.117048349147616637e-01,1.000000000000000000e+00
7.116418926500523989e-01,3.662808687490066717e-01,1.000000000000000000e+00
5.367538840050802840e-01,7.066438621690080968e-01,1.000000000000000000e+00
4.232167361753281232e-01,7.645604386199165159e-01,1.000000000000000000e+00
5.112085284077808600e-01,5.040524317459919024e-01,1.000000000000000000e+00
4.943215623221585142e-01,4.796784174732262596e-01,1.000000000000000000e+00
3.867115305246767720e-01,5.859482364524155606e-01,1.000000000000000000e+00
4.022533579219361166e-01,5.376590409711307084e-01,1.000000000000000000e+00
7.391809205410532213e-01,6.478249497408914426e-01,1.000000000000000000e+00
3.686757333885887222e-01,5.657615663231290171e-01,1.000000000000000000e+00
4.427510507599192735e-01,6.514346802853154816e-01,1.000000000000000000e+00
7.043342269232866215e-01,3.256964580735929315e-01,1.000000000000000000e+00
3.761583885090617474e-01,5.511538174288217462e-01,1.000000000000000000e+00
5.487377075916458624e-01,7.585569079629568279e-01,1.000000000000000000e+00
5.544623661786369784e-01,4.468851810177438821e-01,1.000000000000000000e+00
4.721269893879451729e-01,4.227306454820291548e-01,1.000000000000000000e+00
4.592311817667366625e-01,5.896761489186842509e-01,1.000000000000000000e+00
5.080321600935949755e-01,3.359272078256381189e-01,1.000000000000000000e+00
5.329778670751126324e-01,4.427849909134401463e-01,1.000000000000000000e+00
6.963898339414211769e-01,4.552275197854674382e-01,1.000000000000000000e+00
5.293493707102011614e-01,4.687957152918966197e-01,1.000000000000000000e+00
4.959024904059999850e-01,4.720688710466484639e-01,1.000000000000000000e+00
7.510863117388866250e-01,4.285388579567926959e-01,1.000000000000000000e+00
5.550418234243381654e-01,5.449445004350206290e-01,1.000000000000000000e+00
5.003107556120214294e-01,3.841992136544510328e-01,1.000000000000000000e+00
6.374860158999664517e-01,3.975449944118351620e-01,1.000000000000000000e+00
4.721689211350417192e-01,6.552659817656419916e-01,1.000000000000000000e+00
4.771974787366246584e-01,5.004601588006719615e-01,1.000000000000000000e+00
4.243105055036848761e-01,2.489228125883320430e-01,1.000000000000000000e+00
6.462255895016449925e-01,2.549747282602872200e-01,1.000000000000000000e+00
3.868389962306016949e-01,2.841071609194747993e-01,1.000000000000000000e+00
5.675815930947956112e-01,5.517845692412193248e-01,1.000000000000000000e+00
4.849803671131183158e-01,3.423598647443398812e-01,1.000000000000000000e+00
4.681628092917866635e-01,4.032801601703921435e-01,1.000000000000000000e+00
3.762310219388389498e-01,3.887783097648043751e-01,1.000000000000000000e+00
4.784197984141306814e-01,7.915233879471518241e-01,1.000000000000000000e+00
5.841122231920297114e-01,5.408585084407340204e-01,1.000000000000000000e+00
5.633898232934911876e-01,3.096378942350250796e-01,1.000000000000000000e+00
4.054979536111668059e-01,4.748548404261067057e-01,1.000000000000000000e+00
6.263473560901717807e-01,3.050135932668621708e-01,1.000000000000000000e+00
5.939091681892680885e-01,4.728935391280134071e-01,1.000000000000000000e+00
2.330688512558619085e-01,4.969826148750797756e-01,1.000000000000000000e+00
3.881315772272349029e-01,3.041907541038949558e-01,1.000000000000000000e+00
6.915709766594609897e-01,3.749190059521020912e-01,1.000000000000000000e+00
3.956002152226471558e-01,4.054609330402301759e-01,1.000000000000000000e+00
5.196424795069863878e-01,4.398990533028230843e-01,1.000000000000000000e+00
5.123051213498267531e-01,5.018440143423953392e-01,1.000000000000000000e+00
5.058508912816901404e-01,4.036288064028688560e-01,1.000000000000000000e+00
4.890465835331846978e-01,5.019960349772588648e-01,1.000000000000000000e+00
3.257180433486561721e-01,3.861800568611324369e-01,1.000000000000000000e+00
3.012249424705117917e-01,5.305237838850725973e-01,1.000000000000000000e+00
3.777052568459256521e-01,5.414913462476974582e-01,1.000000000000000000e+00
7.043288092903065012e-01,3.936762962777821118e-01,1.000000000000000000e+00
4.805334392600509874e-01,3.403800996369016896e-01,1.000000000000000000e+00
5.058070060430277515e-01,5.104533209288134588e-01,1.000000000000000000e+00
5.368676641081570056e-01,5.166133067650198196e-01,1.000000000000000000e+00
5.467046068119809643e-01,5.344321217651352152e-01,1.000000000000000000e+00
5.120953366189175959e-01,5.999700940240740854e-01,1.000000000000000000e+00
5.040366947698610156e-01,4.848341472978831557e-01,1.000000000000000000e+00
3.250996346317404084e-01,4.513704738051988463e-01,1.000000000000000000e+00
3.464031244455619829e-01,4.974339813502031138e-01,1.000000000000000000e+00
4.303361192216828002e-01,6.716396598616326541e-01,1.000000000000000000e+00
6.137911667903903634e-01,4.377473471276585593e-01,1.000000000000000000e+00
7.540192644605321348e-01,5.121598038400132502e-01,1.000000000000000000e+00
3.714074260248084736e-01,5.449356906420093072e-01,1.000000000000000000e+00
5.009118719529035424e-01,5.045301928788646917e-01,1.000000000000000000e+00
7.232975862051780336e-01,6.368959724020297752e-01,1.000000000000000000e+00
4.954196981716397219e-01,6.968071727572923146e-01,1.000000000000000000e+00
2.540327115989181039e-01,5.214511882914579788e-01,1.000000000000000000e+00
6.332415185320910966e-01,2.474616365267078844e-01,1.000000000000000000e+00
5.005276166260589354e-01,5.152645993160404059e-01,1.000000000000000000e+00
4.313086469368986875e-01,5.159620904085449045e-01,1.000000000000000000e+00
4.815936996654671121e-01,4.952752383555822369e-01,1.000000000000000000e+00
5.303687304621818033e-01,6.227978980557783428e-01,1.000000000000000000e+00
6.992673233527715304e-01,6.656822415934223747e-01,1.000000000000000000e+00
5.089681387576060478e-01,5.227858551980960611e-01,1.000000000000000000e+00
5.746263892508490789e-01,6.207312918182142925e-01,1.000000000000000000e+00
4.623657396806921671e-01,4.985306572698508520e-01,1.000000000000000000e+00
4.300391514018055972e-01,7.210592081926718855e-01,1.000000000000000000e+00
2.706377261204293561e-01,6.054142279581841146e-01,1.000000000000000000e+00
5.123926613329925495e-01,5.038847682941399730e-01,1.000000000000000000e+00
4.421417114645698754e-01,6.339725051762705732e-01,1.000000000000000000e+00
4.496201330621211745e-01,4.488095972639072895e-01,1.000000000000000000e+00
2.853209616383330927e-01,3.114224882938445016e-01,1.000000000000000000e+00
5.191248845696105896e-01,7.825212118422492091e-01,1.000000000000000000e+00
6.505234412689876455e-01,3.938631074314381530e-01,1.000000000000000000e+00
6.176560638713761708e-01,2.327023292621440143e-01,1.000000000000000000e+00
4.994248906948477451e-01,3.965431953694337208e-01,1.000000000000000000e+00
2.765977761155345438e-01,6.504781657681557583e-01,1.000000000000000000e+00
4.106366847623966199e-01,5.949354995342606145e-01,1.000000000000000000e+00
5.479731320368439462e-01,5.519937253997706517e-01,1.000000000000000000e+00
6.156667054142318518e-01,2.425405540102097413e-01,1.000000000000000000e+00
4.344461959146910801e-01,6.945162961969015836e-01,1.000000000000000000e+00
4.929093323868581344e-01,4.818633331394256425e-01,1.000000000000000000e+00
3.336525980770737032e-01,2.987139083362108094e-01,1.000000000000000000e+00
7.104068829762604231e-01,4.982586817606678431e-01,1.000000000000000000e+00
6.613673217337019405e-01,5.830353805595649419e-01,1.000000000000000000e+00
4.382218905099842798e-01,7.108483686281535929e-01,1.000000000000000000e+00
5.426764289896044424e-01,4.370750943394925980e-01,1.000000000000000000e+00
6.528432565039202773e-01,5.953507610241316472e-01,1.000000000000000000e+00
4.925182809248135896e-01,2.557287965747356839e-01,1.000000000000000000e+00
5.012270762924235790e-01,5.161876565568362940e-01,1.000000000000000000e+00
4.691834075685651362e-01,5.241518283142946322e-01,1.000000000000000000e+00
7.454403233121831285e-01,4.397223711764336462e-01,1.000000000000000000e+00
4.292269844943639723e-01,6.714725212580029412e-01,1.000000000000000000e+00
6.399989914436574612e-01,5.761858830471684456e-01,1.000000000000000000e+00
5.065890144015710028e-01,5.741952197836750482e-01,1.000000000000000000e+00
4.139545617188040150e-01,5.207991695125409048e-01,1.000000000000000000e+00
7.387135870604925048e-01,3.924912739705370690e-01,1.000000000000000000e+00
6.256939588406025265e-01,4.857443637070085196e-01,1.000000000000000000e+00
4.810963668377595814e-01,4.959669046214781885e-01,1.000000000000000000e+00
4.689163736009607231e-01,7.672942339681909640e-01,1.000000000000000000e+00
5.560163411667115030e-01,4.758151244222139087e-01,1.000000000000000000e+00
3.755503480365016133e-01,7.143617474333723294e-01,1.000000000000000000e+00
7.204581574026995838e-01,3.537982568829211583e-01,1.000000000000000000e+00
6.384767791016667804e-01,5.463416392884065109e-01,1.000000000000000000e+00
4.266568098965776157e-01,6.638754876905256230e-01,1.000000000000000000e+00
3.971085129647731748e-01,6.201429534173928948e-01,1.000000000000000000e+00
3.334177108681685153e-01,4.140553118704438096e-01,1.000000000000000000e+00
5.705947003161098152e-01,7.466070951114269771e-01,1.000000000000000000e+00
5.820062455944049473e-01,4.790425231798278172e-01,1.000000000000000000e+00
2.505204321994275452e-01,5.897334223776140583e-01,1.000000000000000000e+00
6.552480043065112003e-01,4.299816799629094244e-01,1.000000000000000000e+00
5.087728023580887493e-01,4.666020682920260509e-01,1.000000000000000000e+00
5.199162633624818675e-01,5.651229611156416421e-01,1.000000000000000000e+00
3.293795088483225664e-01,5.534434126497220774e-01,1.000000000000000000e+00
5.335844308284929394e-01,4.365004642613091179e-01,1.000000000000000000e+00
4.732963160730992436e-01,5.290037944041279250e-01,1.000000000000000000e+00
5.377320864468244643e-01,4.694416773462724013e-01,1.000000000000000000e+00
2.943140876465470956e-01,6.481086322454825410e-01,1.000000000000000000e+00
3.640533043911704514e-01,3.810262225343664655e-01,1.000000000000000000e+00
7.678241226728270696e-01,3.912260272369038616e-01,1.000000000000000000e+00
6.019118276216327557e-01,5.191950529112302481e-01,1.000000000000000000e+00
3.379818771916622278e-01,5.753615356744178344e-01,1.000000000000000000e+00
5.167514653095607313e-01,6.789130858449822226e-01,1.000000000000000000e+00
3.196304274432226755e-01,4.601869803832405736e-01,1.000000000000000000e+00
5.092419500118958720e-01,5.151578734163071438e-01,1.000000000000000000e+00
7.250350442661213091e-01,4.947982864100096134e-01,1.000000000000000000e+00
5.521367167682942334e-01,2.203558055574670327e-01,1.000000000000000000e+00
5.590435714905788167e-01,3.508584258416931334e-01,1.000000000000000000e+00
4.585234724209700796e-01,5.402082276223455493e-01,1.000000000000000000e+00
6.664001744692182871e-01,3.472526564978356545e-01,1.000000000000000000e+00
4.991824086112774950e-01,4.979622064866415232e-01,1.000000000000000000e+00
5.359967621323279419e-01,5.916619843694641556e-01,1.000000000000000000e+00
7.447691310948557630e-01,3.740309589842615856e-01,1.000000000000000000e+00
6.742870487682464109e-01,5.279262473159886948e-01,1.000000000000000000e+00
6.537891040035184176e-01,7.053544483115916641e-01,1.000000000000000000e+00
6.327801354684530200e-01,3.764039571617465718e-01,1.000000000000000000e+00
3.124238965562494696e-01,6.603506749213174931e-01,1.000000000000000000e+00
5.358249719004540834e-01,7.614015790060568722e-01,1.000000000000000000e+00
4.686309819644791652e-01,5.910433272910151636e-01,1.000000000000000000e+00
5.290840035745715264e-01,5.226876521999229697e-01,1.000000000000000000e+00
6.602384926203627158e-01,6.454258978754462417e-01,1.000000000000000000e+00
4.553212018822628271e-01,3.756806325706943395e-01,1.000000000000000000e+00
4.924962113744394410e-01,4.627271177165165894e-01,1.000000000000000000e+00
6.030580866611965352e-01,6.438377732099693773e-01,1.000000000000000000e+00
5.064436656506814405e-01,4.913073438228489631e-01,1.000000000000000000e+00
5.171484629671406763e-01,5.575542300238216509e-01,1.000000000000000000e+00
6.400643589034150649e-01,3.094490507191069439e-01,1.000000000000000000e+00
4.973722165365692116e-01,4.974970820373923464e-01,1.000000000000000000e+00
5.676255337968554304e-01,4.391028665068754666e-01,1.000000000000000000e+00
4.995750816864000243e-01,4.936013049341094749e-01,1.000000000000000000e+00
2.495872420504389178e-01,6.638332036576705120e-01,1.000000000000000000e+00
6.625996870630348479e-01,4.363632011363198226e-01,1.000000000000000000e+00
4.417086255641957671e-01,5.659422727575749157e-01,1.000000000000000000e+00
7.745860638143744481e-01,5.476207182491414915e-01,1.000000000000000000e+00
6.483599383927588500e-01,4.663156036615692668e-01,1.000000000000000000e+00
4.236914588670107618e-01,6.130666109505638062e-01,1.000000000000000000e+00
5.670899871485788335e-01,3.368978990425053333e-01,1.000000000000000000e+00
4.402022170128051526e-01,4.480056954288625937e-01,1.000000000000000000e+00
4.258965359370490700e-01,4.461784269225502753e-01,1.000000000000000000e+00
3.916842375457186831e-01,4.735588048690965168e-01,1.000000000000000000e+00
4.320568290284612090e-01,5.275981831656131327e-01,1.000000000000000000e+00
6.097943606707437736e-01,3.632601231019240151e-01,1.000000000000000000e+00
4.334839424147409748e-01,3.021268591418093119e-01,1.000000000000000000e+00
5.175262669440195973e-01,4.874021354568951470e-01,1.000000000000000000e+00
6.999571232101645668e-01,2.881335276490213371e-01,1.000000000000000000e+00
4.376628254467500034e-01,2.828492141055754527e-01,1.000000000000000000e+00
5.172125119840340624e-01,7.412356596949825072e-01,1.000000000000000000e+00
7.187251705474798635e-01,4.451730312414635127e-01,1.000000000000000000e+00
4.944988127013735246e-01,5.233798063647123744e-01,1.000000000000000000e+00
6.212988001782604464e-01,5.785456484612105932e-01,1.000000000000000000e+00
6.199387578959865142e-01,4.409162550233210465e-01,1.000000000000000000e+00
4.024440587906691347e-01,3.234140712057617661e-01,1.000000000000000000e+00
6.237730288961966796e-01,5.529442989282721266e-01,1.000000000000000000e+00
3.086522210575726177e-01,4.103830921272207943e-01,1.000000000000000000e+00
5.065447158237402769e-01,7.043888442639958392e-01,1.000000000000000000e+00
3.919490965060247190e-01,6.790710715244859808e-01,1.000000000000000000e+00
3.794437009897511093e-01,6.410893257895261543e-01,1.000000000000000000e+00
4.954276783028921383e-01,4.549371523508831672e-01,1.000000000000000000e+00
4.783268862952857470e-01,7.272093970750791447e-01,1.000000000000000000e+00
3.078215790075324865e-01,3.659463302336000146e-01,1.000000000000000000e+00
3.450269328175013528e-01,2.774027240272425310e-01,1.000000000000000000e+00
4.813026905166345459e-01,5.675922537414475055e-01,1.000000000000000000e+00
4.552219384038859173e-01,5.283604304066197299e-01,1.000000000000000000e+00
3.839021567796726542e-01,4.830424657415248180e-01,1.000000000000000000e+00
5.500298858134511359e-01,4.178686217655739332e-01,1.000000000000000000e+00
7.116959601992753903e-01,6.226175207380538756e-01,1.000000000000000000e+00
6.767168227268284264e-01,4.485371276929574491e-01,1.000000000000000000e+00
7.092216607590972055e-01,4.093879898085950320e-01,1.000000000000000000e+00
4.448894863874510719e-01,3.841397364742581422e-01,1.000000000000000000e+00
4.980949240160857383e-01,4.702287221425961450e-01,1.000000000000000000e+00
4.768843578550223672e-01,4.743749741855474156e-01,1.000000000000000000e+00
5.036733133197842660e-01,3.880381024091114073e-01,1.000000000000000000e+00
5.365184631866819487e-01,5.452584574818978291e-01,1.000000000000000000e+00
7.211851201645493870e-01,3.918178574442298667e-01,1.000000000000000000e+00
5.414661996750754769e-01,6.750464370341661136e-01,1.000000000000000000e+00
5.541669066895049678e-01,6.994283013973059404e-01,1.000000000000000000e+00
4.052180570953080596e-01,3.872019824308983171e-01,1.000000000000000000e+00
4.828555583805218543e-01,5.201440300659551097e-01,1.000000000000000000e+00
5.558907662335555999e-01,5.430087993801501201e-01,1.000000000000000000e+00
4.831071036637364369e-01,6.374464017385870207e-01,1.000000000000000000e+00
4.959381477879372113e-01,5.594388258150928550e-01,1.000000000000000000e+00
4.971755263520928336e-01,5.071018181942021918e-01,1.000000000000000000e+00
3.702777151567120395e-01,6.762215055404999786e-01,1.000000000000000000e+00
4.104495056528266739e-01,3.018180252947705311e-01,1.000000000000000000e+00
5.839915304022076370e-01,5.526279998332563892e-01,1.000000000000000000e+00
2.521327129707670034e-01,5.509432889016593338e-01,1.000000000000000000e+00
6.155952444032491977e-01,4.438003074806379789e-01,1.000000000000000000e+00
7.576986304426087671e-01,5.297120762173556097e-01,1.000000000000000000e+00
4.361462176213742881e-01,6.864908629855102085e-01,1.000000000000000000e+00
6.670825569752640849e-01,5.496753291063293245e-01,1.000000000000000000e+00
5.455607816531088394e-01,4.606242158691827293e-01,1.000000000000000000e+00
4.810809931327530431e-01,3.422665656261134615e-01,1.000000000000000000e+00
5.572851119200091796e-01,2.378564180560781560e-01,1.000000000000000000e+00
4.167160345354559148e-01,4.621093629887257914e-01,1.000000000000000000e+00
2.414860495404896334e-01,4.620566173313387370e-01,1.000000000000000000e+00
2.292697910629471481e-01,5.320744657589439042e-01,1.000000000000000000e+00
4.011949091728164163e-01,4.945849077196962096e-01,1.000000000000000000e+00
6.003041353902025534e-01,6.786959247402492013e-01,1.000000000000000000e+00
4.626928091164106971e-01,2.328258583604609910e-01,1.000000000000000000e+00
5.180178168729553390e-01,4.861775585786592413e-01,1.000000000000000000e+00
6.881134304905920374e-01,6.846234932841062104e-01,1.000000000000000000e+00
4.435590527266579652e-01,5.096015156320522488e-01,1.000000000000000000e+00
2.870829600617079702e-01,3.598002063379145965e-01,1.000000000000000000e+00
6.581917268600365745e-01,3.774045245768263834e-01,1.000000000000000000e+00
4.299619591698384813e-01,5.759336959047810511e-01,1.000000000000000000e+00
4.749798055195679214e-01,4.621014438887259823e-01,1.000000000000000000e+00
6.761149512745840973e-01,5.729121884241545892e-01,1.000000000000000000e+00
6.989940500861758776e-01,3.416068844103044011e-01,1.000000000000000000e+00
4.170220047025740007e-01,7.203244934421580981e-01,0.000000000000000000e+00
1.143748173448866368e-04,3.023325726318397688e-01,0.000000000000000000e+00
1.467558908171130438e-01,9.233859476879779926e-02,0.000000000000000000e+00
1.862602113776709034e-01,3.455607270430477440e-01,0.000000000000000000e+00
3.967674742306699365e-01,5.388167340033569452e-01,0.000000000000000000e+00
4.191945144032948045e-01,6.852195003967594955e-01,0.000000000000000000e+00
2.044522497315174325e-01,8.781174363909454161e-01,0.000000000000000000e+00
2.738759319792616331e-02,6.704675101784022262e-01,0.000000000000000000e+00
4.173048023671269702e-01,5.586898284457516572e-01,0.000000000000000000e+00
1.403869385952337678e-01,1.981014890848787902e-01,0.000000000000000000e+00
8.007445686755366721e-01,9.682615757193975270e-01,0.000000000000000000e+00
3.134241781592428389e-01,6.923226156693140787e-01,0.000000000000000000e+00
8.763891522960383096e-01,8.946066635038473214e-01,0.000000000000000000e+00
8.504421136977791118e-02,3.905478323288236187e-02,0.000000000000000000e+00
1.698304195645689019e-01,8.781425034294131349e-01,0.000000000000000000e+00
9.834683383305009574e-02,4.211076250050521663e-01,0.000000000000000000e+00
9.578895301505019333e-01,5.331652849730170729e-01,0.000000000000000000e+00
6.918771139504733547e-01,3.155156310060629465e-01,0.000000000000000000e+00
6.865009276815836614e-01,8.346256718973729116e-01,0.000000000000000000e+00
1.828827734419180562e-02,7.501443149449674719e-01,0.000000000000000000e+00
9.888610889064947118e-01,7.481656543798393955e-01,0.000000000000000000e+00
2.804439920644051787e-01,7.892793284514885155e-01,0.000000000000000000e+00
1.032260065776420266e-01,4.478935261759051656e-01,0.000000000000000000e+00
9.085955030930955578e-01,2.936141483736794955e-01,0.000000000000000000e+00
2.877753385863487390e-01,1.300285721182776744e-01,0.000000000000000000e+00
1.936695787029707461e-02,6.788355329398909621e-01,0.000000000000000000e+00
2.116281160000590411e-01,2.655466593722262125e-01,0.000000000000000000e+00
4.915731592803382899e-01,5.336254511708038439e-02,0.000000000000000000e+00
5.741176054920130722e-01,1.467285749058101496e-01,0.000000000000000000e+00
5.893055369032842439e-01,6.997583600209311694e-01,0.000000000000000000e+00
1.023344288278258407e-01,4.140559878195683163e-01,0.000000000000000000e+00
6.944001577277451043e-01,4.141792695269026492e-01,0.000000000000000000e+00
4.995345894608715920e-02,5.358964059155115756e-01,0.000000000000000000e+00
6.637946452197888147e-01,5.148891120583085623e-01,0.000000000000000000e+00
9.445947559908133284e-01,5.865550405019929192e-01,0.000000000000000000e+00
9.034019152878834946e-01,1.374747041462375252e-01,0.000000000000000000e+00
1.392763472507585476e-01,8.073912887095238133e-01,0.000000000000000000e+00
3.976768369855335772e-01,1.653541971169327773e-01,0.000000000000000000e+00
9.275085803960338993e-01,3.477658597455065559e-01,0.000000000000000000e+00
7.508121031361555398e-01,7.259979853504514580e-01,0.000000000000000000e+00
8.833060912058098291e-01,6.236722070556088848e-01,0.000000000000000000e+00
7.509424340273371801e-01,3.488983419778425299e-01,0.000000000000000000e+00
2.699278917650260734e-01,8.958862181960668414e-01,0.000000000000000000e+00
4.280911898712949082e-01,9.648400471483855600e-01,0.000000000000000000e+00
6.634414978184480782e-01,6.216957202091217827e-01,0.000000000000000000e+00
1.147459729533751860e-01,9.494892587070712375e-01,0.000000000000000000e+00
4.499121334799405236e-01,5.783896143871317674e-01,0.000000000000000000e+00
4.081368027612811700e-01,2.370269802430277073e-01,0.000000000000000000e+00
9.033795205622537905e-01,5.736794866722858544e-01,0.000000000000000000e+00
2.870327031158970144e-03,6.171449136207238784e-01,0.000000000000000000e+00
3.266449017720961523e-01,5.270581022576092955e-01,0.000000000000000000e+00
8.859420993107745002e-01,3.572697600024997699e-01,0.000000000000000000e+00
9.085351509197991948e-01,6.233601157918027269e-01,0.000000000000000000e+00
1.582124284655628266e-02,9.294372337437613041e-01,0.000000000000000000e+00
6.908969175169239474e-01,9.973228504514805026e-01,0.000000000000000000e+00
1.723405083453285469e-01,1.371357496288777567e-01,0.000000000000000000e+00
9.325954630371635634e-01,6.968181614899001675e-01,0.000000000000000000e+00
6.600017272206248897e-02,7.554630526024663784e-01,0.000000000000000000e+00
7.538761884612463771e-01,9.230245355464833379e-01,0.000000000000000000e+00
7.115247586284717540e-01,1.242709619721646952e-01,0.000000000000000000e+00
1.988013383979558846e-02,2.621098687771927782e-02,0.000000000000000000e+00
2.830648802079460680e-02,2.462110676030458967e-01,0.000000000000000000e+00
8.600279486828880104e-01,5.388310643416528434e-01,0.000000000000000000e+00
5.528219786857658802e-01,8.420308923596057094e-01,0.000000000000000000e+00
1.241733151199111429e-01,2.791836790111394961e-01,0.000000000000000000e+00
5.857592714582878779e-01,9.695957483196745441e-01,0.000000000000000000e+00
5.610302192557099499e-01,1.864728937294302114e-02,0.000000000000000000e+00
8.006326726806163308e-01,2.329742738410204295e-01,0.000000000000000000e+00
8.071051956187791365e-01,3.878606440641717557e-01,0.000000000000000000e+00
8.635418545594286677e-01,7.471216427371846214e-01,0.000000000000000000e+00
5.562402339904188864e-01,1.364552256606850200e-01,0.000000000000000000e+00
5.991768951221165818e-02,1.213434557407373493e-01,0.000000000000000000e+00
4.455187854476172493e-02,1.074941291060929061e-01,0.000000000000000000e+00
2.257093386078546926e-01,7.129889803826766626e-01,0.000000000000000000e+00
5.597169820541424423e-01,1.255598015911585374e-02,0.000000000000000000e+00
7.197427968948677535e-02,9.672763300002720221e-01,0.000000000000000000e+00
5.681004619199421235e-01,2.032932346609904739e-01,0.000000000000000000e+00
2.523257445703234181e-01,7.438258540750929404e-01,0.000000000000000000e+00
1.954294811093187922e-01,5.813589272732577751e-01,0.000000000000000000e+00
9.700199890883123288e-01,8.468288014900352545e-01,0.000000000000000000e+00
2.398477591475861592e-01,4.937697142687299534e-01,0.000000000000000000e+00
6.199557183813797501e-01,8.289808995501787292e-01,0.000000000000000000e+00
1.567913946460842700e-01,1.857620217740951762e-02,0.000000000000000000e+00
7.002214371922232949e-02,4.863451109370318104e-01,0.000000000000000000e+00
6.063294616533303483e-01,5.688514370864813374e-01,0.000000000000000000e+00
3.173624093221607545e-01,9.886161544124488776e-01,0.000000000000000000e+00
5.797452192457969167e-01,3.801411726235504052e-01,0.000000000000000000e+00
5.509482191178968202e-01,7.453344309065020878e-01,0.000000000000000000e+00
6.692328934531845963e-01,2.649195576628093907e-01,0.000000000000000000e+00
6.633483442844156919e-02,3.700841979141062943e-01,0.000000000000000000e+00
6.297175070215644821e-01,2.101740099148395879e-01,0.000000000000000000e+00
7.527555537388138651e-01,6.653648135411494025e-02,0.000000000000000000e+00
2.603150985785409599e-01,8.047545637433454191e-01,0.000000000000000000e+00
1.934342826233277357e-01,6.394608808799401301e-01,0.000000000000000000e+00
5.246703091237336913e-01,9.248079703993506984e-01,0.000000000000000000e+00
2.632967704871109760e-01,6.596109068402378206e-02,0.000000000000000000e+00
7.350659632886694661e-01,7.721780295432467689e-01,0.000000000000000000e+00
9.078158525035240345e-01,9.319720691968372828e-01,0.000000000000000000e+00
1.395157297559701526e-02,2.343620861214205098e-01,0.000000000000000000e+00
6.167783570016576178e-01,9.490163206876164326e-01,0.000000000000000000e+00
9.501761192470796757e-01,5.566531881951564120e-01,0.000000000000000000e+00
9.156063497662745299e-01,6.415662089463375350e-01,0.000000000000000000e+00
3.900077141412462423e-01,4.859906670969097453e-01,0.000000000000000000e+00
6.043104829199732464e-01,5.495479215085625757e-01,0.000000000000000000e+00
9.261814267064536477e-01,9.187334356336060992e-01,0.000000000000000000e+00
3.948756129235548862e-01,9.632625284407118071e-01,0.000000000000000000e+00
1.739556666804643603e-01,1.263295194396373278e-01,0.000000000000000000e+00
1.350791580467313180e-01,5.056621656768967021e-01,0.000000000000000000e+00
2.152480527419797784e-02,9.479702112176809914e-01,0.000000000000000000e+00
8.271154711707324747e-01,1.501898074212237866e-02,0.000000000000000000e+00
1.761962555750552495e-01,3.320635743668369777e-01,0.000000000000000000e+00
1.309968448109168904e-01,8.094906921265820898e-01,0.000000000000000000e+00
3.447366526832934541e-01,9.401074823333671615e-01,0.000000000000000000e+00
5.820141799470800459e-01,8.788319844118440693e-01,0.000000000000000000e+00
8.447344453922218666e-01,9.053923187086492241e-01,0.000000000000000000e+00
4.598802658168069657e-01,5.463468160203732715e-01,0.000000000000000000e+00
7.986035911520393826e-01,2.857188517341475720e-01,0.000000000000000000e+00
4.902535226199277174e-01,5.991103076458783594e-01,0.000000000000000000e+00
1.553327555083572342e-02,5.934814081966371946e-01,0.000000000000000000e+00
4.336763489894582824e-01,8.073605288848414441e-01,0.000000000000000000e+00
3.152448030953729496e-01,8.928887085251513422e-01,0.000000000000000000e+00
5.778572152845354859e-01,1.840102016274650643e-01,0.000000000000000000e+00
7.879292338255042827e-01,6.120311770449339273e-01,0.000000000000000000e+00
5.390927207375295627e-02,4.201936800011322193e-01,0.000000000000000000e+00
6.790688365654296010e-01,9.186017779775258463e-01,0.000000000000000000e+00
4.020248913574331340e-04,9.767591490310596480e-01,0.000000000000000000e+00
3.765803147457744693e-01,9.737835383583225424e-01,0.000000000000000000e+00
6.047161009740530391e-01,8.288458079806929613e-01,0.000000000000000000e+00
5.747115047081022832e-01,6.280761983073503973e-01,0.000000000000000000e+00
2.855762816956939343e-01,5.868333406560829468e-01,0.000000000000000000e+00
7.500217637026599382e-01,8.583138364290423539e-01,0.000000000000000000e+00
7.550821884676801599e-01,6.980572484473029915e-01,0.000000000000000000e+00
8.644794300545998178e-01,3.226809968367464476e-01,0.000000000000000000e+00
6.707887907875872413e-01,4.508739364133491634e-01,0.000000000000000000e+00
3.821027520315172232e-01,4.108113499221855980e-01,0.000000000000000000e+00
4.014795834695406018e-01,3.173839459582769029e-01,0.000000000000000000e+00
6.219193679203014469e-01,4.302472708212643493e-01,0.000000000000000000e+00
9.738020779272522631e-01,6.778008914343111035e-01,0.000000000000000000e+00
1.985698884271108744e-01,4.267010093480327892e-01,0.000000000000000000e+00
3.433462397744230232e-01,7.976388039585665668e-01,0.000000000000000000e+00
8.799982885634317631e-01,9.038419558263719455e-01,0.000000000000000000e+00
6.627198123752622294e-01,2.702082620297577842e-01,0.000000000000000000e+00
2.523667015045897299e-01,8.548979426974023799e-01,0.000000000000000000e+00
5.277146463087466488e-01,8.021610840045980684e-01,0.000000000000000000e+00
5.724885171916063165e-01,7.331425252875111154e-01,0.000000000000000000e+00
5.190116274640558247e-01,7.708839105018879811e-01,0.000000000000000000e+00
5.688579907047155437e-01,4.657098785919808748e-01,0.000000000000000000e+00
3.426889079532817739e-01,6.820934841670411863e-02,0.000000000000000000e+00
3.779241793280998518e-01,7.962607769825236215e-02,0.000000000000000000e+00
9.828171137304450022e-01,1.816128513307637693e-01,0.000000000000000000e+00
8.118586977205397570e-01,8.749616449558981213e-01,0.000000000000000000e+00
6.884132523859433084e-01,5.694944127453757110e-01,0.000000000000000000e+00
1.609714368156087705e-01,4.668800227633063127e-01,0.000000000000000000e+00
3.451720511552149873e-01,2.250399578140845902e-01,0.000000000000000000e+00
5.925118687657967564e-01,3.122698377019169635e-01,0.000000000000000000e+00
9.163055534683507419e-01,9.096355249515570840e-01,0.000000000000000000e+00
2.571182937821961945e-01,1.108913007440291976e-01,0.000000000000000000e+00
1.929627320191128481e-01,4.995841706788860526e-01,0.000000000000000000e+00
7.285856679745962294e-01,2.081944384087914823e-01,0.000000000000000000e+00
2.480335583772307340e-01,8.516718749363669794e-01,0.000000000000000000e+00
4.158487182675273397e-01,6.166850671552361884e-01,0.000000000000000000e+00
2.336661392392500591e-01,1.019672594257974296e-01,0.000000000000000000e+00
5.158570169685298135e-01,4.771409870497823613e-01,0.000000000000000000e+00
1.526716440931632501e-01,6.218062317404154937e-01,0.000000000000000000e+00
5.440101188139381261e-01,6.541373469707443267e-01,0.000000000000000000e+00
1.445455401246598104e-01,7.515278171352438585e-01,0.000000000000000000e+00
2.220491397999226901e-01,5.193518243660329992e-01,0.000000000000000000e+00
7.852960282216189247e-01,2.233042799180617877e-02,0.000000000000000000e+00
3.243624597261864917e-01,8.729223764001110553e-01,0.000000000000000000e+00
8.447096076020695898e-01,5.384405925945436877e-01,0.000000000000000000e+00
8.666082741665129818e-01,9.498059913536265331e-01,0.000000000000000000e+00
8.264069976293413333e-01,8.541154438365387014e-01,0.000000000000000000e+00
9.874340182034835323e-02,6.513043323409910546e-01,0.000000000000000000e+00
7.035169881526529556e-01,6.102408126466296601e-01,0.000000000000000000e+00
7.996152617360280379e-01,3.457121987163425114e-02,0.000000000000000000e+00
7.702387345549799313e-01,7.317286007395269465e-01,0.000000000000000000e+00
2.596983932983530918e-01,2.570692988221466857e-01,0.000000000000000000e+00
6.323033174301277981e-01,3.452974615910815448e-01,0.000000000000000000e+00
7.965886780072874984e-01,4.461462320034572659e-01,0.000000000000000000e+00
7.827494147841719263e-01,9.904717836238406958e-01,0.000000000000000000e+00
3.002483395339000660e-01,1.430058282580993767e-01,0.000000000000000000e+00
9.013084363492738227e-01,5.415593788873732661e-01,0.000000000000000000e+00
9.747403708550822499e-01,6.366044000018972193e-01,0.000000000000000000e+00
9.939130246104789235e-01,5.460708041429516157e-01,0.000000000000000000e+00
5.264259339055212816e-01,1.354279030721698973e-01,0.000000000000000000e+00
3.557051709838811027e-01,2.621856729637328520e-02,0.000000000000000000e+00
1.603951795196491004e-01,7.456371927074960659e-01,0.000000000000000000e+00
3.039968992878883114e-02,3.665430972437443424e-01,0.000000000000000000e+00
8.623462528380441139e-01,6.926777175073542958e-01,0.000000000000000000e+00
6.909421420661685520e-01,1.886368009553108793e-01,0.000000000000000000e+00
4.419042807484233615e-01,5.815774073442911973e-01,0.000000000000000000e+00
9.897517076637052380e-01,2.039062252331218517e-01,0.000000000000000000e+00
2.477329017623548513e-01,2.621730837729119301e-01,0.000000000000000000e+00
7.501724132979927795e-01,4.569753274356928019e-01,0.000000000000000000e+00
5.692943841109499026e-02,5.085162406102395893e-01,0.000000000000000000e+00
2.119601646436759523e-01,7.986042447602101912e-01,0.000000000000000000e+00
2.973313815072722299e-01,2.760601195450362866e-02,0.000000000000000000e+00
5.934324494646210368e-01,8.438404289311888240e-01,0.000000000000000000e+00
3.810161240622141898e-01,7.498583107261433955e-01,0.000000000000000000e+00
5.111414782971281934e-01,5.409518049621886426e-01,0.000000000000000000e+00
